1. Go: 
2. Property: 60 2 10 30 90 160 250 50 
3. Luck:
4. Property: 60 4 20 60 180 320 450 50 
5. Income_Tax: 10 200 
6. Railroad: 200 
7. Property: 100 6 30 90 270 400 550 50 
8. Luck:
9. Property: 100 6 30 90 270 400 550 50 
10. Property: 120 8 40 100 300 450 600 50 
11. Jail:
12. Property: 140 10 50 150 450 625 750 100 
13. Utility: 150 
14. Property: 140 10 50 150 450 625 750 100 
15. Property: 160 12 60 180 500 700 900 100 
16. Railroad: 200 
17. Property: 180 14 70 200 550 750 950 100 
18. Luck:
19. Property: 180 14 70 200 550 750 950 100 
20. Property: 200 16 80 220 600 800 1000 100 
21. Free_Parking: 
22. Property: 220 18 90 250 700 875 1050 150 
23. Luck:
24. Property: 220 18 90 250 700 875 1050 150 
25. Property: 240 20 100 300 750 925 1100 150 
26. Railroad: 200 
27. Property: 260 22 110 330 800 975 1150 150 
28. Property: 260 22 110 330 800 975 1150 150 
29. Utility: 150 
30. Property: 280 24 120 360 850 1025 1200 150 
31. Go_To_Jail:
32. Property: 300 26 130 390 900 1100 1275 200 
33. Property: 300 26 130 390 900 1100 1275 200 
34. Luck:
35. Property: 320 28 150 450 1000 1200 1400 200 
36. Railroad: 200 
37. Luck:
38. Property: 350 35 175 500 1100 1300 1500 200 
39. Luxury_Tax: 100
40. Property: 400 50 200 600 1400 1700 2000 200 